9.8542644145279e-08 8.8656639852751e-08 0.0000000000000e+00
2.0587503174458e-07 1.6644102608108e-07 0.0000000000000e+00
3.2080313881023e-07 2.3248784310164e-07 0.0000000000000e+00
4.4204844246550e-07 2.8606235044741e-07 0.0000000000000e+00
5.6826214392960e-07 3.2656855641748e-07 0.0000000000000e+00
6.9804017328982e-07 3.5355584821002e-07 0.0000000000000e+00
8.2993880913945e-07 3.6672400478127e-07 0.0000000000000e+00
9.6249073932019e-07 3.6592653666467e-07 0.0000000000000e+00
1.0942213841006e-06 3.5117231559642e-07 0.0000000000000e+00
1.2236653002027e-06 3.2262547581848e-07 0.0000000000000e+00
1.3493824831893e-06 2.8060358815705e-07 0.0000000000000e+00
1.4699743868556e-06 2.2557412718918e-07 0.0000000000000e+00
1.5840994814165e-06 1.5814927079857e-07 0.0000000000000e+00
1.6904881774122e-06 7.9079089973344e-08 0.0000000000000e+00
1.7879569493097e-06 -1.0756795394036e-08 0.0000000000000e+00
1.8754215016829e-06 -1.1035900187899e-07 0.0000000000000e+00
1.9519088315020e-06 -2.1861950021154e-07 0.0000000000000e+00
2.0165680523462e-06 -3.3433394159830e-07 0.0000000000000e+00
2.0686798601242e-06 -4.5621505555484e-07 0.0000000000000e+00
2.1076645350018e-06 -5.8290697020388e-07 0.0000000000000e+00
2.1330883905170e-06 -7.1300029573232e-07 0.0000000000000e+00
2.1446685981417e-06 -8.4504780321062e-07 0.0000000000000e+00
2.1422763336173e-06 -9.7758052435476e-07 0.0000000000000e+00
2.1259382100619e-06 -1.1091240931283e-06 0.0000000000000e+00
2.0958359819097e-06 -1.2382151473916e-06 0.0000000000000e+00
2.0523045229718e-06 -1.3634176081375e-06 0.0000000000000e+00
1.9958281011160e-06 -1.4833386552145e-06 0.0000000000000e+00
1.9270349910040e-06 -1.5966442218136e-06 0.0000000000000e+00
1.8466904848207e-06 -1.7020738353523e-06 0.0000000000000e+00
1.7556883787446e-06 -1.7984546396551e-06 0.0000000000000e+00
1.6550410298712e-06 -1.8847144424410e-06 0.0000000000000e+00
1.5458680942003e-06 -1.9598936429718e-06 0.0000000000000e+00
1.4293840709716e-06 -2.0231559071699e-06 0.0000000000000e+00
1.3068847919135e-06 -2.0737974714508e-06 0.0000000000000e+00
1.1797330057049e-06 -2.1112549717693e-06 0.0000000000000e+00
1.0493432180172e-06 -2.1351117107844e-06 0.0000000000000e+00
9.1716595578286e-07 -2.1451022934248e-06 0.0000000000000e+00
7.8467163074524e-07 -2.1411155792843e-06 0.0000000000000e+00
6.5333418179838e-07 -2.1231959190056e-06 0.0000000000000e+00
5.2461467808970e-07 -2.0915426608965e-06 0.0000000000000e+00
3.9994506529282e-07 -2.0465079332681e-06 0.0000000000000e+00
2.8071223586616e-07 -1.9885927271650e-06 0.0000000000000e+00
1.6824260050827e-07 -1.9184413230659e-06 0.0000000000000e+00
6.3787332445368e-08 -1.8368341235546e-06 0.0000000000000e+00
-3.1491551298199e-08 -1.7446789716948e-06 0.0000000000000e+00
-1.1653411680727e-07 -1.6430010516879e-06 0.0000000000000e+00
-1.9039430455488e-07 -1.5329314841648e-06 0.0000000000000e+00
-2.5225045388050e-07 -1.4156947429826e-06 0.0000000000000e+00
-3.0141444358745e-07 -1.2925950335107e-06 0.0000000000000e+00
-3.3733934697456e-07 -1.1650017839395e-06 0.0000000000000e+00
-3.5962551614332e-07 -1.0343344110154e-06 0.0000000000000e+00
-3.6802502789558e-07 -9.0204652967718e-07 0.0000000000000e+00
-3.6244444176303e-07 -7.6960978225178e-07 0.0000000000000e+00
-3.4294583948677e-07 -6.3849746710544e-07 0.0000000000000e+00
-3.0974613438334e-07 -5.1016814887158e-07 0.0000000000000e+00
-2.6321465828011e-07 -3.8604943258538e-07 0.0000000000000e+00
-2.0386905286435e-07 -2.6752208222995e-07 0.0000000000000e+00
-1.3236951115292e-07 -1.5590466036824e-07 0.0000000000000e+00
-4.9511433143585e-08 -5.2438859737515e-08 0.0000000000000e+00
4.3783422649525e-08 4.1724310014046e-08 0.0000000000000e+00
1.4647719334101e-07 1.2553732678258e-07 0.0000000000000e+00
2.5742745742732e-07 1.9806780921180e-07 0.0000000000000e+00
3.7539994370648e-07 2.5850888900783e-07 0.0000000000000e+00
4.9908226198363e-07 3.0618818697820e-07 0.0000000000000e+00
6.2709850281432e-07 3.4057529294093e-07 0.0000000000000e+00
7.5802454387034e-07 3.6128766629296e-07 0.0000000000000e+00
8.9040389265139e-07 3.6809489159692e-07 0.0000000000000e+00
1.0227638893000e-06 3.6092124184476e-07 0.0000000000000e+00
1.1536320892706e-06 3.3984652088322e-07 0.0000000000000e+00
1.2815526436029e-06 3.0510517562944e-07 0.0000000000000e+00
1.4051024945766e-06 2.5708368795311e-07 0.0000000000000e+00
1.5229072065786e-06 1.9631627523915e-07 0.0000000000000e+00
1.6336562560708e-06 1.2347894746030e-07 0.0000000000000e+00
1.7361176105650e-06 3.9381986872073e-08 0.0000000000000e+00
1.8291514344202e-06 -5.5039066010098e-08 0.0000000000000e+00
1.9117227689928e-06 -1.5873381987442e-07 0.0000000000000e+00
1.9829130460761e-06 -2.7054871773884e-07 0.0000000000000e+00
2.0419303065509e-06 -3.8923986974790e-07 0.0000000000000e+00
2.0881180105664e-06 -5.1348689088130e-07 0.0000000000000e+00
2.1209623412438e-06 -6.4190758963606e-07 0.0000000000000e+00
2.1400979206519e-06 -7.7307334427723e-07 0.0000000000000e+00
2.1453118744667e-06 -9.0552499560345e-07 0.0000000000000e+00
2.1365462000988e-06 -1.0377890794277e-06 0.0000000000000e+00
2.1138984119418e-06 -1.1683942181939e-06 0.0000000000000e+00
2.0776204565672e-06 -1.2958874893808e-06 0.0000000000000e+00
2.0281159099300e-06 -1.4188505886013e-06 0.0000000000000e+00
1.9659354877683e-06 -1.5359156075908e-06 0.0000000000000e+00
1.8917709191384e-06 -1.6457802515612e-06 0.0000000000000e+00
1.8064472512430e-06 -1.7472223266346e-06 0.0000000000000e+00
1.7109136711543e-06 -1.8391133361913e-06 0.0000000000000e+00
1.6062329465393e-06 -1.9204310348771e-06 0.0000000000000e+00
1.4935696028523e-06 -1.9902708006147e-06 0.0000000000000e+00
1.3741769685185e-06 -2.0478556981089e-06 0.0000000000000e+00
1.2493832322261e-06 -2.0925451218948e-06 0.0000000000000e+00
1.1205766674316e-06 -2.1238419227786e-06 0.0000000000000e+00
9.8919018845064e-07 -2.1413979383925e-06 0.0000000000000e+00
8.5668540993877e-07 -2.1450178663395e-06 0.0000000000000e+00
7.2453638709557e-07 -2.1346614368404e-06 0.0000000000000e+00
5.9421321747294e-07 -2.1104438607137e-06 0.0000000000000e+00
4.6716568681097e-07 -2.0726345477049e-06 0.0000000000000e+00
3.4480714083373e-07 -2.0216541094232e-06 0.0000000000000e+00
2.2849876242395e-07 -1.9580696802262e-06 0.0000000000000e+00
1.1953442908573e-07 -1.8825886081065e-06 0.0000000000000e+00
1.9126319149257e-08 -1.7960505857653e-06 0.0000000000000e+00
-7.1608573158322e-08 -1.6994183094120e-06 0.0000000000000e+00
-1.5166086376194e-07 -1.5937667692056e-06 0.0000000000000e+00
-2.2014000767365e-07 -1.4802712904783e-06 0.0000000000000e+00
-2.7628420589686e-07 -1.3601944587753e-06 0.0000000000000e+00
-3.1946888008999e-07 -1.2348720741651e-06 0.0000000000000e+00
-3.4921362071275e-07 -1.1056982910728e-06 0.0000000000000e+00
-3.6518753136027e-07 -9.7411010894658e-07 0.0000000000000e+00
-3.6721290983170e-07 -8.4157138629442e-07 0.0000000000000e+00
-3.5526722498312e-07 -7.0955655592573e-07 0.0000000000000e+00
-3.2948336737330e-07 -5.7953422255914e-07 0.0000000000000e+00
-2.9014817091387e-07 -4.5295082526552e-07 0.0000000000000e+00
-2.3769922197008e-07 -3.3121454649396e-07 0.0000000000000e+00
-1.7271999140930e-07 -2.1567964668552e-07 0.0000000000000e+00
-9.5933343751188e-08 -1.0763139874505e-07 0.0000000000000e+00
-8.1934956271767e-09 -8.2717899680884e-09 0.0000000000000e+00
8.9523486992146e-08 8.1293849517545e-08 0.0000000000000e+00
1.9613054708776e-07 1.6006914304302e-07 0.0000000000000e+00
3.1044172960748e-07 2.2717775163207e-07 0.0000000000000e+00
4.3118537467647e-07 2.8187312286976e-07 0.0000000000000e+00
5.5701826423452e-07 3.2354679595489e-07 0.0000000000000e+00
6.8654056472524e-07 3.5173517054597e-07 0.0000000000000e+00
8.1831139960645e-07 3.6612466410071e-07 0.0000000000000e+00
9.5086487844486e-07 3.6655520033571e-07 0.0000000000000e+00
1.0827264042784e-06 3.5302198999918e-07 0.0000000000000e+00
1.2124290778348e-06 3.2567558414613e-07 0.0000000000000e+00
1.3385300161156e-06 2.8482019932372e-07 0.0000000000000e+00
1.4596264038113e-06 2.3091033329799e-07 0.0000000000000e+00
1.5743710989799e-06 1.6454570897089e-07 0.0000000000000e+00
1.6814876193854e-06 8.6464602733897e-08 0.0000000000000e+00
1.7797843427785e-06 -2.4643685224712e-09 0.0000000000000e+00
1.8681677631486e-06 -1.0125191037758e-07 0.0000000000000e+00
1.9456546554772e-06 -2.0879905633185e-07 0.0000000000000e+00
2.0113830136652e-06 -3.2390939330952e-07 0.0000000000000e+00
2.0646216399553e-06 -4.4530237120989e-07 0.0000000000000e+00
2.1047782791702e-06 -5.7162754844426e-07 0.0000000000000e+00
2.1314062072790e-06 -7.0147961498356e-07 0.0000000000000e+00
2.1442092009950e-06 -8.3341402579196e-07 0.0000000000000e+00
2.1430448331219e-06 -9.6596307073182e-07 0.0000000000000e+00
2.1279260569883e-06 -1.0976522021694e-06 0.0000000000000e+00
2.0990210623446e-06 -1.2270164386445e-06 0.0000000000000e+00
2.0566514043265e-06 -1.3526166621201e-06 0.0000000000000e+00
2.0012884262972e-06 -1.4730556275133e-06 0.0000000000000e+00
1.9335480163653e-06 -1.5869935064082e-06 0.0000000000000e+00
1.8541837559076e-06 -1.6931627920344e-06 0.0000000000000e+00
1.7640785363179e-06 -1.7903823996998e-06 0.0000000000000e+00
1.6642347372405e-06 -1.8775708058172e-06 0.0000000000000e+00
1.5557630755522e-06 -1.9537580793583e-06 0.0000000000000e+00
1.4398702491418e-06 -2.0180966718920e-06 0.0000000000000e+00
1.3178455129450e-06 -2.0698708461711e-06 0.0000000000000e+00
1.1910463365703e-06 -2.1085046383799e-06 0.0000000000000e+00
1.0608833030679e-06 -2.1335682654665e-06 0.0000000000000e+00
9.2880441683588e-07 -2.1447829062798e-06 0.0000000000000e+00
7.9627899523196e-07 -2.1420238033249e-06 0.0000000000000e+00
6.6478132308775e-07 -2.1253216506305e-06 0.0000000000000e+00
5.3577425196308e-07 -2.0948622522884e-06 0.0000000000000e+00
4.1069292659024e-07 -2.0509844554651e-06 0.0000000000000e+00
2.9092881954452e-07 -1.9941763808788e-06 0.0000000000000e+00
1.7781425174775e-07 -1.9250699926766e-06 0.0000000000000e+00
7.2607571007337e-08 -1.8444340681183e-06 0.0000000000000e+00
-2.3520846527290e-08 -1.7531656452788e-06 0.0000000000000e+00
-1.0950161626344e-07 -1.6522800439054e-06 0.0000000000000e+00
-1.8437824157868e-07 -1.5428995704476e-06 0.0000000000000e+00
-2.4731775440700e-07 -1.4262410329077e-06 0.0000000000000e+00
-2.9761998162598e-07 -1.3036022044055e-06 0.0000000000000e+00
-3.3472533416063e-07 -1.1763473860432e-06 0.0000000000000e+00
-3.5822103215370e-07 -1.0458922296771e-06 0.0000000000000e+00
-3.6784569695041e-07 -9.1368798943570e-07 0.0000000000000e+00
-3.6349225881375e-07 -7.8120537717959e-07 0.0000000000000e+00
-3.4520914802348e-07 -6.4991820150273e-07 0.0000000000000e+00
-3.1319975610841e-07 -5.2128697228462e-07 0.0000000000000e+00
-2.6782017320548e-07 -3.9674265318475e-07 0.0000000000000e+00
-2.0957522671664e-07 -2.7767074282564e-07 0.0000000000000e+00
-1.3911286533158e-07 -1.6539586175398e-07 0.0000000000000e+00
-5.7216950891570e-08 -6.1167016642804e-08 0.0000000000000e+00
3.5201461718342e-08 3.3856294336132e-08 0.0000000000000e+00
1.3711425964147e-07 1.1861698039857e-07 0.0000000000000e+00
2.4738770933800e-07 1.9217211779823e-07 0.0000000000000e+00
3.6479506885512e-07 2.5370343942092e-07 0.0000000000000e+00
4.8803023477308e-07 3.0252643763024e-07 0.0000000000000e+00
6.1572227201110e-07 3.3809797910009e-07 0.0000000000000e+00
7.4645066485556e-07 3.6002234692225e-07 0.0000000000000e+00
8.7876111954990e-07 3.6805564277357e-07 0.0000000000000e+00
1.0111817426495e-06 3.6210850017053e-07 0.0000000000000e+00
1.1422394151646e-06 3.4224707862768e-07 0.0000000000000e+00
1.2704761803368e-06 3.0869232766022e-07 0.0000000000000e+00
1.3944654627424e-06 2.6181752881852e-07 0.0000000000000e+00
1.5128279382917e-06 2.0214414309840e-07 0.0000000000000e+00
1.6242468785794e-06 1.3033600992269e-07 0.0000000000000e+00
1.7274827988858e-06 4.7191962227957e-08 0.0000000000000e+00
1.8213872468771e-06 -4.6363060189878e-08 0.0000000000000e+00
1.9049155786113e-06 -1.4928830021097e-07 0.0000000000000e+00
1.9771385797237e-06 -2.6043876134167e-07 0.0000000000000e+00
2.0372528025103e-06 -3.7857794527987e-07 0.0000000000000e+00
2.0845895039139e-06 -5.0239160739599e-07 0.0000000000000e+00
2.1186220849834e-06 -6.3050237710601e-07 0.0000000000000e+00
2.1389719490434e-06 -7.6148508049177e-07 0.0000000000000e+00
2.1454127134071e-06 -8.9388259471115e-07 0.0000000000000e+00
2.1378727277773e-06 -1.0262220578252e-06 0.0000000000000e+00
2.1164358713202e-06 -1.1570312537153e-06 0.0000000000000e+00
2.0813406195448e-06 -1.2848549898154e-06 0.0000000000000e+00
2.0329773913693e-06 -1.4082712854644e-06 0.0000000000000e+00
1.9718842058853e-06 -1.5259071907922e-06 0.0000000000000e+00
1.8987406971387e-06 -1.6364540601584e-06 0.0000000000000e+00
1.8143605535081e-06 -1.7386821102369e-06 0.0000000000000e+00
1.7196824657907e-06 -1.8314541007928e-06 0.0000000000000e+00
1.6157596846928e-06 -1.9137379859587e-06 0.0000000000000e+00
1.5037483038949e-06 -1.9846183952719e-06 0.0000000000000e+00
1.3848943990348e-06 -2.0433068167512e-06 0.0000000000000e+00
1.2605201656833e-06 -2.0891503687299e-06 0.0000000000000e+00
1.1320092105206e-06 -2.1216390628637e-06 0.0000000000000e+00
1.0007911593423e-06 -2.1404114775158e-06 0.0000000000000e+00
8.6832575312407e-07 -2.1452587784047e-06 0.0000000000000e+00
7.3608660906916e-07 -2.1361270417872e-06 0.0000000000000e+00
6.0554482728926e-07 -2.1131178543327e-06 0.0000000000000e+00
4.7815262548741e-07 -2.0764871830144e-06 0.0000000000000e+00
3.5532718369918e-07 -2.0266425275915e-06 0.0000000000000e+00
2.3843487881242e-07 -1.9641383873564e-06 0.0000000000000e+00
1.2877608424901e-07 -1.8896700925811e-06 0.0000000000000e+00
2.7570703905363e-08 -1.8040660692827e-06 0.0000000000000e+00
-6.4055398720027e-08 -1.7082786233587e-06 0.0000000000000e+00
-1.4508292524231e-07 -1.6033733466173e-06 0.0000000000000e+00
-2.1461048161749e-07 -1.4905172625519e-06 0.0000000000000e+00
-2.7186460573749e-07 -1.3709658437361e-06 0.0000000000000e+00
-3.1620837184056e-07 -1.2460490452621e-06 0.0000000000000e+00
-3.4714847601705e-07 -1.1171565095965e-06 0.0000000000000e+00
-3.6434072398751e-07 -9.8572210744080e-07 0.0000000000000e+00
-3.6759386010404e-07 -8.5320798657332e-07 0.0000000000000e+00
-3.5687169497916e-07 -7.2108830612234e-07 0.0000000000000e+00
-3.3229350807327e-07 -5.9083283721829e-07 0.0000000000000e+00
-2.9413272076211e-07 -4.6389061246093e-07 0.0000000000000e+00
-2.4281385464582e-07 -3.4167380609350e-07 0.0000000000000e+00
-1.7890780893700e-07 -2.2554202420955e-07 0.0000000000000e+00
-1.0312550946478e-07 -1.1678717975681e-07 0.0000000000000e+00
-1.6309999946788e-08 -1.6619120596578e-08 0.0000000000000e+00
8.0572936489935e-08 7.3847829499888e-08 0.0000000000000e+00
1.8644552120771e-07 1.5360726719284e-07 0.0000000000000e+00
3.0012996985577e-07 2.2177190534979e-07 0.0000000000000e+00
4.2036159468545e-07 2.7758344370750e-07 0.0000000000000e+00
5.4580287362580e-07 3.2042100461390e-07 0.0000000000000e+00
6.7505832960749e-07 3.4980804000585e-07 0.0000000000000e+00
8.0669005460931e-07 3.6541763278611e-07 0.0000000000000e+00
9.3923370572944e-07 3.6707613362392e-07 0.0000000000000e+00
1.0712147953323e-06 3.5476509272162e-07 0.0000000000000e+00
1.2011650940505e-06 3.2862146505729e-07 0.0000000000000e+00
1.3276389641665e-06 2.8893608682008e-07 0.0000000000000e+00
1.4492294416719e-06 2.3615043998749e-07 0.0000000000000e+00
1.5645838880988e-06 1.7085174103696e-07 0.0000000000000e+00
1.6724190380045e-06 9.3766408427838e-08 0.0000000000000e+00
1.7715352747125e-06 5.7519815248893e-09 0.0000000000000e+00
1.8608299754987e-06 -9.2212419138173e-08 0.0000000000000e+00
1.9393097777641e-06 -1.9903698413005e-07 0.0000000000000e+00
2.0061016297385e-06 -3.1353333875644e-07 0.0000000000000e+00
2.0604625027798e-06 -4.3442776318795e-07 0.0000000000000e+00
2.1017876572272e-06 -5.6037536201347e-07 0.0000000000000e+00
2.1296173698501e-06 -6.8997502558903e-07 0.0000000000000e+00
2.1436420480570e-06 -8.2178501674419e-07 0.0000000000000e+00
2.1437056739691e-06 -9.5433900945069e-07 0.0000000000000e+00
2.1298075400442e-06 -1.0861624010307e-06 0.0000000000000e+00
2.1021022569458e-06 -1.2157887164387e-06 0.0000000000000e+00
2.0608980335665e-06 -1.3417759221268e-06 0.0000000000000e+00
2.0066532483418e-06 -1.4627224680091e-06 0.0000000000000e+00
1.9399713499966e-06 -1.5772828790662e-06 0.0000000000000e+00
1.8615941444507e-06 -1.6841827231394e-06 0.0000000000000e+00
1.7723935425639e-06 -1.7822327884053e-06 0.0000000000000e+00
1.6733618605230e-06 -1.8703423128129e-06 0.0000000000000e+00
1.5656007807754e-06 -1.9475311183118e-06 0.0000000000000e+00
1.4503090963118e-06 -2.0129405148835e-06 0.0000000000000e+00
1.3287693746405e-06 -2.0658428530730e-06 0.0000000000000e+00
1.2023336898070e-06 -2.1056496187554e-06 0.0000000000000e+00
1.0724085811861e-06 -2.1319179800832e-06 0.0000000000000e+00
9.4043940637295e-07 -2.1443557137863e-06 0.0000000000000e+00
8.0789426223800e-07 -2.1428244560193e-06 0.0000000000000e+00
6.7624765301958e-07 -2.1273412415934e-06 0.0000000000000e+00
5.4696408713694e-07 -2.0980783144689e-06 0.0000000000000e+00
4.2148178520281e-07 -2.0553612116166e-06 0.0000000000000e+00
3.0119668047607e-07 -1.9996651415647e-06 0.0000000000000e+00
1.8744688974223e-07 -1.9316096979182e-06 0.0000000000000e+00
8.1497827376118e-08 -1.8519519666600e-06 0.0000000000000e+00
-1.5471871814073e-08 -1.7615781039120e-06 0.0000000000000e+00
-1.0238346435934e-07 -1.6614934778507e-06 0.0000000000000e+00
-1.7827009865668e-07 -1.5528114844425e-06 0.0000000000000e+00
-2.4228757074966e-07 -1.4367411614200e-06 0.0000000000000e+00
-2.9372371570978e-07 -1.3145737382872e-06 0.0000000000000e+00
-3.3200633014369e-07 -1.1876682719789e-06 0.0000000000000e+00
-3.5670953769207e-07 -1.0574365279714e-06 0.0000000000000e+00
-3.6755852670691e-07 -9.2532727503541e-07 0.0000000000000e+00
-3.6443260740282e-07 -7.9281016834340e-07 0.0000000000000e+00
-3.4736655447279e-07 -6.6135940022671e-07 0.0000000000000e+00
-3.1655022023266e-07 -5.3243730045852e-07 0.0000000000000e+00
-2.7232642259780e-07 -4.0747806850285e-07 0.0000000000000e+00
-2.1518713138733e-07 -2.8787181870074e-07 0.0000000000000e+00
-1.4576799538159e-07 -1.7494911588355e-07 0.0000000000000e+00
-6.4841271016904e-08 -6.9966173447719e-08 0.0000000000000e+00
2.6692768617454e-08 2.5909121444445e-08 0.0000000000000e+00
1.2781584890885e-07 1.1161020007467e-07 0.0000000000000e+00
2.3740302156384e-07 1.8618367725692e-07 0.0000000000000e+00
3.5423517914646e-07 2.4879995731024e-07 0.0000000000000e+00
4.7701261709381e-07 2.9876246292968e-07 0.0000000000000e+00
6.0436949233758e-07 3.3551538428827e-07 0.0000000000000e+00
7.3488901768602e-07 3.5864986216499e-07 0.0000000000000e+00
8.6711922293569e-07 3.6790853631414e-07 0.0000000000000e+00
9.9958910737793e-07 3.6318840847769e-07 0.0000000000000e+00
1.1308250040106e-06 3.4454198819094e-07 0.0000000000000e+00
1.2593669734109e-06 3.1217670863495e-07 0.0000000000000e+00
1.3837850448949e-06 2.6645261903408e-07 0.0000000000000e+00
1.5026951242877e-06 2.0787837926983e-07 0.0000000000000e+00
1.6147743913391e-06 1.3710560126897e-07 0.0000000000000e+00
1.7187760154934e-06 5.4921600115564e-08 0.0000000000000e+00
1.8135430263087e-06 -3.7759364472572e-08 0.0000000000000e+00
1.8980211842237e-06 -1.3990625886833e-07 0.0000000000000e+00
1.9712707084894e-06 -2.5038274531604e-07 0.0000000000000e+00
2.0324767317986e-06 -3.6795982317230e-07 0.0000000000000e+00
2.0809583653105e-06 -4.9132950097895e-07 0.0000000000000e+00
2.1161762732258e-06 -6.1911934727252e-07 0.0000000000000e+00
2.1377386726484e-06 -7.4990775825899e-07 0.0000000000000e+00
2.1454056919885e-06 -8.8223977250810e-07 0.0000000000000e+00
2.1390920394216e-06 -1.0146432567357e-06 0.0000000000000e+00
2.1188679517184e-06 -1.1456452826150e-06 0.0000000000000e+00
2.0849584128895e-06 -1.2737885124318e-06 0.0000000000000e+00
2.0377406513381e-06 -1.3976474113011e-06 0.0000000000000e+00
1.9777399433634e-06 -1.5158441055913e-06 0.0000000000000e+00
1.9056237696987e-06 -1.6270637111386e-06 0.0000000000000e+00
1.8221943900898e-06 -1.7300689607320e-06 0.0000000000000e+00
1.7283799185197e-06 -1.8237139681446e-06 0.0000000000000e+00
1.6252239983611e-06 -1.9069569755930e-06 0.0000000000000e+00
1.5138741923183e-06 -1.9788719428156e-06 0.0000000000000e+00
1.3955692163139e-06 -2.0386588488450e-06 0.0000000000000e+00
1.2716251593380e-06 -2.0856525918740e-06 0.0000000000000e+00
1.1434208425572e-06 -2.1193303882071e-06 0.0000000000000e+00
1.0123824805575e-06 -2.1393175879875e-06 0.0000000000000e+00
8.7996781535681e-07 -2.1453918430031e-06 0.0000000000000e+00
7.4764989969023e-07 -2.1374855802060e-06 0.0000000000000e+00
6.1690070997018e-07 -2.1156867534284e-06 0.0000000000000e+00
4.8917477122079e-07 -2.0802378649342e-06 0.0000000000000e+00
3.6589297615127e-07 -2.0315332676883e-06 0.0000000000000e+00
2.4842677837378e-07 -1.9701147783573e-06 0.0000000000000e+00
1.3808293560887e-07 -1.8966656498434e-06 0.0000000000000e+00
3.6088972603658e-08 -1.8120029704054e-06 0.0000000000000e+00
-5.6420474519243e-08 -1.7170685739218e-06 0.0000000000000e+00
-1.3841628056883e-07 -1.6129185624166e-06 0.0000000000000e+00
-2.0898627983174e-07 -1.5007115574042e-06 0.0000000000000e+00
-2.6734541349716e-07 -1.3816958107520e-06 0.0000000000000e+00
-3.1284446307534e-07 -1.2571953184460e-06 0.0000000000000e+00
-3.4497727265436e-07 -1.1285950917392e-06 0.0000000000000e+00
-3.6338637965085e-07 -9.9732574953141e-07 0.0000000000000e+00
-3.6786699141524e-07 -8.6484760338708e-07 0.0000000000000e+00
-3.5836926345355e-07 -7.3263441223450e-07 0.0000000000000e+00
-3.3499885392171e-07 -6.0215698747045e-07 0.0000000000000e+00
-2.9801574822378e-07 -4.7486683085477e-07 0.0000000000000e+00
-2.4783136679010e-07 -3.5217998721624e-07 0.0000000000000e+00
-1.8500398820984e-07 -2.3546129160083e-07 0.0000000000000e+00
-1.1023253863377e-07 -1.2600918610586e-07 0.0000000000000e+00
-2.4348816537114e-08 -2.5041275305570e-08 0.0000000000000e+00
7.1691760661297e-08 6.6319219042418e-08 0.0000000000000e+00
1.7682078518410e-07 1.4705595332463e-07 0.0000000000000e+00
2.8986874444641e-07 2.1627076842851e-07 0.0000000000000e+00
4.0957803135139e-07 2.7319368135027e-07 0.0000000000000e+00
5.3461693459689e-07 3.1719145090191e-07 0.0000000000000e+00
6.6359445335723e-07 3.4777462222778e-07 0.0000000000000e+00
7.9507577153353e-07 3.6460297176366e-07 0.0000000000000e+00
9.2759821942881e-07 3.6748929206578e-07 0.0000000000000e+00
1.0596875452812e-06 3.5640147440520e-07 0.0000000000000e+00
1.1898743156420e-06 3.3146286595987e-07 0.0000000000000e+00
1.3167102621521e-06 2.9295089763053e-07 0.0000000000000e+00
1.4387843928661e-06 2.4129399774567e-07 0.0000000000000e+00
1.5547386888925e-06 1.7706682598902e-07 0.0000000000000e+00
1.6632832117336e-06 1.0098388057008e-07 0.0000000000000e+00
1.7632104532605e-06 1.3891549755008e-08 0.0000000000000e+00
1.8534087686887e-06 -8.3241303819024e-08 0.0000000000000e+00
1.9328747431173e-06 -1.8933412130078e-07 0.0000000000000e+00
2.0007243540589e-06 -3.0320666835110e-07 0.0000000000000e+00
2.0562028057848e-06 -4.2359216471305e-07 0.0000000000000e+00
2.0986929260800e-06 -5.4915137656580e-07 0.0000000000000e+00
2.1277220319998e-06 -6.7848751489086e-07 0.0000000000000e+00
2.1429671882491e-06 -8.1016177411351e-07 0.0000000000000e+00
2.1442587996874e-06 -9.4270933815886e-07 0.0000000000000e+00
2.1315824979943e-06 -1.0746556758625e-06 0.0000000000000e+00
2.1050793015072e-06 -1.2045329444570e-06 0.0000000000000e+00
2.0650440464542e-06 -1.3308963186522e-06 0.0000000000000e+00
2.0119221070327e-06 -1.4523400636570e-06 0.0000000000000e+00
1.9463044408212e-06 -1.5675131733364e-06 0.0000000000000e+00
1.8689210146440e-06 -1.6751343995370e-06 0.0000000000000e+00
1.7806326840203e-06 -1.7740065053863e-06 0.0000000000000e+00
1.6824216165373e-06 -1.8630295840053e-06 0.0000000000000e+00
1.5753803656814e-06 -1.9412132944681e-06 0.0000000000000e+00
1.4606997166779e-06 -2.0076878788910e-06 0.0000000000000e+00
1.3396554395461e-06 -2.0617138380893e-06 0.0000000000000e+00
1.2135940967396e-06 -2.1026901581658e-06 0.0000000000000e+00
1.0839180632514e-06 -2.1301609965135e-06 0.0000000000000e+00
9.5206992583163e-07 -2.1438207528537e-06 0.0000000000000e+00
8.1951643486769e-07 -2.1435174688967e-06 0.0000000000000e+00
6.8773218745496e-07 -2.1292545188053e-06 0.0000000000000e+00
5.5818322317725e-07 -2.1011905716563e-06 0.0000000000000e+00
4.3231071508575e-07 -2.0596378263158e-06 0.0000000000000e+00
3.1151493730712e-07 -2.0050585383671e-06 0.0000000000000e+00
1.9713968763376e-07 -1.9380598777249e-06 0.0000000000000e+00
9.0457338387915e-08 -1.8593871741445e-06 0.0000000000000e+00
-7.3453181383374e-09 -1.7699156257661e-06 0.0000000000000e+00
-9.5180272203936e-08 -1.6706405629322e-06 0.0000000000000e+00
-1.7207040022870e-07 -1.5626663755897e-06 0.0000000000000e+00
-2.3716033484500e-07 -1.4471942274537e-06 0.0000000000000e+00
-2.8972598046698e-07 -1.3255086936076e-06 0.0000000000000e+00
-3.2918256852090e-07 -1.1989634701902e-06 0.0000000000000e+00
-3.5509116272593e-07 -1.0689663151424e-06 0.0000000000000e+00
-3.6716354205713e-07 -9.3696338754219e-07 0.0000000000000e+00
-3.6526540706990e-07 -8.0442315974368e-07 0.0000000000000e+00
-3.4941787391707e-07 -6.7282008129244e-07 0.0000000000000e+00
-3.1979723943834e-07 -5.4361817634707e-07 0.0000000000000e+00
-2.7673301993543e-07 -4.1825475707892e-07 0.0000000000000e+00
-2.2070428545075e-07 -2.9812443423076e-07 0.0000000000000e+00
-1.5233433032894e-07 -1.8456360270967e-07 0.0000000000000e+00
-7.2383739349052e-08 -7.8835574804828e-08 0.0000000000000e+00
1.8258073436577e-08 1.7883473583678e-08 0.0000000000000e+00
1.1858275903014e-07 1.0451758736317e-07 0.0000000000000e+00
2.2747425091296e-07 1.8010300175576e-07 0.0000000000000e+00
3.4372118077816e-07 2.4379886373943e-07 0.0000000000000e+00
4.6603035445196e-07 2.9489658615173e-07 0.0000000000000e+00
5.9304113809009e-07 3.3282773039599e-07 0.0000000000000e+00
7.2334059460960e-07 3.5717033005858e-07 0.0000000000000e+00
8.5547920196993e-07 3.6765358508979e-07 0.0000000000000e+00
9.8798697844464e-07 3.6416087432795e-07 0.0000000000000e+00
1.1193898354976e-06 3.4673105285363e-07 0.0000000000000e+00
1.2482259763450e-06 3.1555801974160e-07 0.0000000000000e+00
1.3730621577774e-06 2.7098856101924e-07 0.0000000000000e+00
1.4925096343353e-06 2.1351849182726e-07 0.0000000000000e+00
1.6052396074679e-06 1.4378714069980e-07 0.0000000000000e+00
1.7099980078093e-06 6.2570237323525e-08 0.0000000000000e+00
1.8056194461259e-06 -2.9228717103657e-08 0.0000000000000e+00
1.8910401777387e-06 -1.3058850091345e-07 0.0000000000000e+00
1.9653099361947e-06 -2.4038153259435e-07 0.0000000000000e+00
2.0276025045456e-06 -3.5738641462329e-07 0.0000000000000e+00
2.0772249066317e-06 -4.8030152095737e-07 0.0000000000000e+00
2.1136251161230e-06 -6.0775947703101e-07 0.0000000000000e+00
2.1363981975572e-06 -7.3834237117504e-07 0.0000000000000e+00
2.1452908110592e-06 -8.7059752823784e-07 0.0000000000000e+00
2.1402040306288e-06 -1.0030536699339e-06 0.0000000000000e+00
2.1211944446439e-06 -1.1342372821437e-06 0.0000000000000e+00
2.0884735263382e-06 -1.2626890070855e-06 0.0000000000000e+00
2.0424052812546e-06 -1.3869798780044e-06 0.0000000000000e+00
1.9835021978471e-06 -1.5057272157745e-06 0.0000000000000e+00
1.9124195462776e-06 -1.6176100105726e-06 0.0000000000000e+00
1.8299480888318e-06 -1.7213836175076e-06 0.0000000000000e+00
1.7370052830471e-06 -1.8158936027259e-06 0.0000000000000e+00
1.6346250754140e-06 -1.9000885859592e-06 0.0000000000000e+00
1.5239463991908e-06 -1.9730319366479e-06 0.0000000000000e+00
1.4062005042892e-06 -2.0339121935267e-06 0.0000000000000e+00
1.2826972601795e-06 -2.0820520917579e-06 0.0000000000000e+00
1.1548105841885e-06 -2.1169160971915e-06 0.0000000000000e+00
1.0239631572957e-06 -2.1381163639353e-06 0.0000000000000e+00
8.9161059745569e-07 -2.1454170489603e-06 0.0000000000000e+00
7.5922526651221e-07 -2.1387369357443e-06 0.0000000000000e+00
6.2827989084432e-07 -2.1181503377653e-06 0.0000000000000e+00
5.0023117795772e-07 -2.0838862717952e-06 0.0000000000000e+00
3.7650361127903e-07 -2.0363259101897e-06 0.0000000000000e+00
2.5847360342839e-07 -1.9759983405169e-06 0.0000000000000e+00
1.4745418425836e-07 -1.9035746796971e-06 0.0000000000000e+00
4.4680393997300e-08 -1.8198606081300e-06 0.0000000000000e+00
-4.8704456007892e-08 -1.7257874068661e-06 0.0000000000000e+00
-1.3166150210692e-07 -1.6224015975274e-06 0.0000000000000e+00
-2.0326788522797e-07 -1.5108533002299e-06 0.0000000000000e+00
-2.6272701726145e-07 -1.3923834390202e-06 0.0000000000000e+00
-3.0937744273665e-07 -1.2683099371604e-06 0.0000000000000e+00
-3.4270019720937e-07 -1.1400130558316e-06 0.0000000000000e+00
-3.6232458050170e-07 -1.0089200393575e-06 0.0000000000000e+00
-3.6803228056954e-07 -8.7648923776134e-07 0.0000000000000e+00
-3.5975980212140e-07 -7.4419388328754e-07 0.0000000000000e+00
-3.3759917297170e-07 -6.1350570136478e-07 0.0000000000000e+00
-3.0179692027025e-07 -4.8587853833258e-07 0.0000000000000e+00
-2.5275132799736e-07 -3.6273218806465e-07 0.0000000000000e+00
-1.9100800623341e-07 -2.4543659741084e-07 0.0000000000000e+00
-1.1725382149296e-07 -1.3529662616468e-07 0.0000000000000e+00
-3.2309255645554e-08 -3.3537531095043e-08 0.0000000000000e+00
6.2880721573067e-08 5.8708664474620e-08 0.0000000000000e+00
1.6725716492036e-07 1.4041576390722e-07 0.0000000000000e+00
2.7965893393161e-07 2.1067481321921e-07 0.0000000000000e+00
3.9883561007954e-07 2.6870421277647e-07 0.0000000000000e+00
5.2346140711138e-07 3.1385841223106e-07 0.0000000000000e+00
6.5214991981721e-07 3.4563509197156e-07 0.0000000000000e+00
7.8346954715624e-07 3.6368075119671e-07 0.0000000000000e+00
9.1595941816578e-07 3.6779464044763e-07 0.0000000000000e+00
1.0481456434845e-06 3.5793099485100e-07 0.0000000000000e+00
1.1785577116988e-06 3.3419954322937e-07 0.0000000000000e+00
1.3057448481115e-06 2.9686428741517e-07 0.0000000000000e+00
1.4282921539473e-06 2.4634056534785e-07 0.0000000000000e+00
1.5448363464552e-06 1.8319043062602e-07 0.0000000000000e+00
1.6540809248060e-06 1.0811639991486e-07 0.0000000000000e+00
1.7548105930709e-06 2.1953637766231e-08 0.0000000000000e+00
1.8459047798322e-06 -7.4339334208282e-08 0.0000000000000e+00
1.9263501040274e-06 -1.7969130045515e-07 0.0000000000000e+00
1.9952516483486e-06 -2.9293026826513e-07 0.0000000000000e+00
2.0518429147869e-06 -4.1279650565910e-07 0.0000000000000e+00
2.0954943515704e-06 -5.3795655533301e-07 0.0000000000000e+00
2.1257203566376e-06 -6.6701806876314e-07 0.0000000000000e+00
2.1421846797363e-06 -7.9854529544897e-07 0.0000000000000e+00
2.1447041630506e-06 -9.3107505498303e-07 0.0000000000000e+00
2.1332507787458e-06 -1.0631330142655e-06 0.0000000000000e+00
2.1079519407618e-06 -1.1932500887873e-06 0.0000000000000e+00
2.0690890873884e-06 -1.3199787855244e-06 0.0000000000000e+00
2.0170945503899e-06 -1.4419093056369e-06 0.0000000000000e+00
1.9525467455086e-06 -1.5576852278364e-06 0.0000000000000e+00
1.8761637378507e-06 -1.6660185979531e-06 0.0000000000000e+00
1.7887952537376e-06 -1.7657042568365e-06 0.0000000000000e+00
1.6914132278852e-06 -1.8556332471996e-06 0.0000000000000e+00
1.5851009910722e-06 -1.9348051502600e-06 0.0000000000000e+00
1.4710412185771e-06 -2.0023392149408e-06 0.0000000000000e+00
1.3505027734538e-06 -2.0574841558217e-06 0.0000000000000e+00
1.2248265910076e-06 -2.0996265108440e-06 0.0000000000000e+00
1.0954107615008e-06 -2.1282974657932e-06 0.0000000000000e+00
9.6369497703539e-07 -2.1431780696406e-06 0.0000000000000e+00
8.3114451563494e-07 -2.1441027827247e-06 0.0000000000000e+00
6.9923394069483e-07 -2.1310613183018e-06 0.0000000000000e+00
5.6943069713744e-07 -2.1041987569781e-06 0.0000000000000e+00
4.4317878675731e-07 -2.0638139327515e-06 0.0000000000000e+00
3.2188270436077e-07 -2.0103561086164e-06 0.0000000000000e+00
2.0689181340307e-07 -1.9444199787153e-06 0.0000000000000e+00
9.9485334936921e-08 -1.8667390526354e-06 0.0000000000000e+00
8.5811686351686e-10 -1.7781774954461e-06 0.0000000000000e+00
-8.7892658203320e-08 -1.6797205142548e-06 0.0000000000000e+00
-1.6577967859105e-07 -1.5724633982254e-06 0.0000000000000e+00
-2.3193648695801e-07 -1.4575993339839e-06 0.0000000000000e+00
-2.8562711923349e-07 -1.3364061319600e-06 0.0000000000000e+00
-3.2625429187964e-07 -1.2102320113279e-06 0.0000000000000e+00
-3.5336604639549e-07 -1.0804806016818e-06 0.0000000000000e+00
-3.6666077714620e-07 -9.4859532829655e-07 0.0000000000000e+00
-3.6599058658522e-07 -8.1604335467938e-07 0.0000000000000e+00
-3.5136293054403e-07 -6.8429926104517e-07 0.0000000000000e+00
-3.2294053528644e-07 -5.5482864028454e-07 0.0000000000000e+00
-2.8103958725020e-07 -4.2907179391207e-07 0.0000000000000e+00
-2.2612621561431e-07 -3.0842770936987e-07 0.0000000000000e+00
-1.5881130682174e-07 -1.9423849693167e-07 0.0000000000000e+00
-7.9843708743872e-08 -8.7774459339703e-08 0.0000000000000e+00
9.8980999129148e-09 9.7800397320600e-09 0.0000000000000e+00
1.0941578228434e-07 9.7339751181538e-08 0.0000000000000e+00
2.1760224939245e-07 1.7393061337753e-07 0.0000000000000e+00
3.3325397600720e-07 2.3870058814863e-07 0.0000000000000e+00
4.5508438931718e-07 2.9092913931658e-07 0.0000000000000e+00
5.8173818146642e-07 3.3003524832992e-07 0.0000000000000e+00
7.1180638673699e-07 3.5558387782742e-07 0.0000000000000e+00
8.4384205565051e-07 3.6729081122738e-07 0.0000000000000e+00
9.7637635162133e-07 3.6502581450449e-07 0.0000000000000e+00
1.1079348910935e-06 3.4881408498094e-07 0.0000000000000e+00
1.2370541453850e-06 3.1883597101476e-07 0.0000000000000e+00
1.3622977217760e-06 2.7542496570370e-07 0.0000000000000e+00
1.4822723427217e-06 2.1906399692377e-07 0.0000000000000e+00
1.5956433454284e-06 1.5038005497420e-07 0.0000000000000e+00
1.7011495293664e-06 7.0137217593844e-08 0.0000000000000e+00
1.7976171865491e-06 -2.0771850057570e-08 0.0000000000000e+00
1.8839731584968e-06 -1.2133582589432e-07 0.0000000000000e+00
1.9592567746331e-06 -2.3043598140355e-07 0.0000000000000e+00
2.0226305393043e-06 -3.4685862699136e-07 0.0000000000000e+00
2.0733894485338e-06 -4.6930861372739e-07 0.0000000000000e+00
2.1109688328673e-06 -5.9642374128700e-07 0.0000000000000e+00
2.1349506390600e-06 -7.2678991180945e-07 0.0000000000000e+00
2.1450680807248e-06 -8.5895686109205e-07 0.0000000000000e+00
2.1412086062070e-06 -9.9145429211816e-07 0.0000000000000e+00
2.1234151506664e-06 -1.1228082314408e-06 0.0000000000000e+00
2.0918856584410e-06 -1.2515574264643e-06 0.0000000000000e+00
2.0469708810027e-06 -1.3762696012125e-06 0.0000000000000e+00
1.9891704750052e-06 -1.4955573897445e-06 0.0000000000000e+00
1.9191274438285e-06 -1.6080937699665e-06 0.0000000000000e+00
1.8376209844573e-06 -1.7126268261459e-06 0.0000000000000e+00
1.7455578192672e-06 -1.8079936759009e-06 0.0000000000000e+00
1.6439621091502e-06 -1.8931334067344e-06 0.0000000000000e+00
1.5339640601898e-06 -1.9670988781993e-06 0.0000000000000e+00
1.4167873506320e-06 -2.0290672584018e-06 0.0000000000000e+00
1.2937355180220e-06 -2.0783491776277e-06 0.0000000000000e+00
1.1661774579421e-06 -2.1143963972636e-06 0.0000000000000e+00
1.0355321956721e-06 -2.1368079086985e-06 0.0000000000000e+00
9.0325310017994e-07 -2.1453343943588e-06 0.0000000000000e+00
7.7081171605433e-07 -2.1398810012492e-06 0.0000000000000e+00
6.3968139324295e-07 -2.1205083961467e-06 0.0000000000000e+00
5.1132089670654e-07 -2.0874320907066e-06 0.0000000000000e+00
3.8715817832489e-07 -2.0410200439916e-06 0.0000000000000e+00
2.6857449158461e-07 -1.9817885690914e-06 0.0000000000000e+00
1.5688902576542e-07 -1.9103965893733e-06 0.0000000000000e+00
5.3344230562805e-08 -1.8276383082569e-06 0.0000000000000e+00
-4.0908005596302e-08 -1.7344343740617e-06 0.0000000000000e+00
-1.2481916978471e-07 -1.6318216382120e-06 0.0000000000000e+00
-1.9745578880073e-07 -1.5209416207359e-06 0.0000000000000e+00
-2.5800981362923e-07 -1.4030278113741e-06 0.0000000000000e+00
-3.0580760861568e-07 -1.2793919475678e-06 0.0000000000000e+00
-3.4031744535280e-07 -1.1514094219768e-06 0.0000000000000e+00
-3.6115541791360e-07 -1.0205039818630e-06 0.0000000000000e+00
-3.6808971362676e-07 -8.8813189055086e-07 0.0000000000000e+00
-3.6104319188393e-07 -7.5576572716201e-07 0.0000000000000e+00
-3.4009424229076e-07 -6.2487800484452e-07 0.0000000000000e+00
-3.0547591261536e-07 -4.9692478973616e-07 0.0000000000000e+00
-2.5757331623532e-07 -3.7332950289361e-07 0.0000000000000e+00
-1.9691934792421e-07 -2.5546708538352e-07 0.0000000000000e+00
-1.2418875563771e-07 -1.4464870269173e-07 0.0000000000000e+00
-4.0190634247806e-08 -4.2107158606914e-08 0.0000000000000e+00
5.4140575270875e-08 5.1016819157342e-08 0.0000000000000e+00
1.5775548107278e-07 1.3368726903588e-07 0.0000000000000e+00
2.6950141444891e-07 2.0498452020953e-07 0.0000000000000e+00
3.8813525274204e-07 2.6411542352093e-07 0.0000000000000e+00
5.1233724852060e-07 3.1042217489444e-07 0.0000000000000e+00
6.4072571116788e-07 3.4338963310367e-07 0.0000000000000e+00
7.7187237756066e-07 3.6265105047970e-07 0.0000000000000e+00
9.0431830084540e-07 3.6799215280869e-07 0.0000000000000e+00
1.0365900805566e-06 3.5935352303176e-07 0.0000000000000e+00
1.1672162535248e-06 3.3683126222968e-07 0.0000000000000e+00
1.2947436632326e-06 3.0067592053928e-07 0.0000000000000e+00
1.4177536255171e-06 2.5128970989451e-07 0.0000000000000e+00
1.5348777107833e-06 1.8922202959944e-07 0.0000000000000e+00
1.6448129671574e-06 1.1516335450889e-07 0.0000000000000e+00
1.7463364152308e-06 2.9937553808222e-08 0.0000000000000e+00
1.8383186531458e-06 -6.5507274157924e-08 0.0000000000000e+00
1.9197364206743e-06 -1.7010934904927e-07 0.0000000000000e+00
1.9896839825187e-06 -2.8270502035371e-07 0.0000000000000e+00
2.0473832042010e-06 -4.0204171247009e-07 0.0000000000000e+00
2.0921922084519e-06 -5.2679185904167e-07 0.0000000000000e+00
2.1236125157994e-06 -6.5556767152734e-07 0.0000000000000e+00
2.1412945899225e-06 -7.8693657771682e-07 0.0000000000000e+00
2.1450417260809e-06 -9.1943715844343e-07 0.0000000000000e+00
2.1348122393620e-06 -1.0515954052058e-06 0.0000000000000e+00
2.1107199284039e-06 -1.1819411178400e-06 0.0000000000000e+00
2.0730328094343e-06 -1.3090242598248e-06 0.0000000000000e+00
2.0221701347094e-06 -1.4314310892763e-06 0.0000000000000e+00
1.9586977285212e-06 -1.5477998861798e-06 0.0000000000000e+00
1.8833216926576e-06 -1.6568361009029e-06 0.0000000000000e+00
1.7968805513395e-06 -1.7573267554676e-06 0.0000000000000e+00
1.7003359230191e-06 -1.8481539373752e-06 0.0000000000000e+00
1.5947618228116e-06 -1.9283072358708e-06 0.0000000000000e+00
1.4813327145645e-06 -1.9968949822995e-06 0.0000000000000e+00
1.3613104454818e-06 -2.0531541695113e-06 0.0000000000000e+00
1.2360302086484e-06 -2.0964589399643e-06 0.0000000000000e+00
1.1068856896145e-06 -2.1263275481022e-06 0.0000000000000e+00
9.7531356227929e-07 -2.1424277195504e-06 0.0000000000000e+00
8.4277750654888e-07 -2.1445803475142e-06 0.0000000000000e+00
7.1075192556459e-07 -2.1327614852573e-06 0.0000000000000e+00
5.8070554364101e-07 -2.1071026124948e-06 0.0000000000000e+00
4.5408506737848e-07 -2.0678891727392e-06 0.0000000000000e+00
3.3229909171295e-07 -2.0155573978680e-06 0.0000000000000e+00
2.1670242994098e-07 -1.9506894552405e-06 0.0000000000000e+00
1.0858104204131e-07 -1.8740069713492e-06 0.0000000000000e+00
9.1377289583412e-09 -1.7863630040511e-06 0.0000000000000e+00
-8.0521248007696e-08 -1.6887325526866e-06 0.0000000000000e+00
-1.5939847385093e-07 -1.5822017116542e-06 0.0000000000000e+00
-2.2661647564441e-07 -1.4679555881040e-06 0.0000000000000e+00
-2.8142748402360e-07 -1.3472651181597e-06 0.0000000000000e+00
-3.2322175177676e-07 -1.2214729283327e-06 0.0000000000000e+00
-3.5153433700169e-07 -1.0919783994138e-06 0.0000000000000e+00
-3.6605027536940e-07 -9.6022209899931e-07 0.0000000000000e+00
-3.6660808395563e-07 -8.2766975583347e-07 0.0000000000000e+00
-3.5320155766175e-07 -6.9579595424472e-07 0.0000000000000e+00
-3.2597983824066e-07 -5.6606773006795e-07 0.0000000000000e+00
-2.8524575515989e-07 -4.3992825054060e-07 0.0000000000000e+00
-2.3145245675905e-07 -3.1878075972636e-07 0.0000000000000e+00
-1.6519836917856e-07 -2.0397296806628e-07 0.0000000000000e+00
-8.7220539139163e-08 -9.6782059716270e-08 0.0000000000000e+00
1.6135653690423e-09 1.5995155422149e-09 0.0000000000000e+00
1.0031570527453e-07 9.0077307760128e-08 0.0000000000000e+00
2.0778786413525e-07 1.6766704207504e-07 0.0000000000000e+00
3.2283446307242e-07 2.3350556831762e-07 0.0000000000000e+00
4.4417566104175e-07 2.8686046316091e-07 0.0000000000000e+00
5.7046159248239e-07 3.2713817799307e-07 0.0000000000000e+00
7.0028738395658e-07 3.5389064187206e-07 0.0000000000000e+00
8.3220878272634e-07 3.6682024610758e-07 0.0000000000000e+00
9.6475822340678e-07 3.6578315501899e-07 0.0000000000000e+00
1.0964611539615e-06 3.5079090603871e-07 0.0000000000000e+00
1.2258524394211e-06 3.2201028136052e-07 0.0000000000000e+00
1.3514926608407e-06 2.7976145256086e-07 0.0000000000000e+00
1.4719841281783e-06 2.2451441883320e-07 0.0000000000000e+00
1.5859864289576e-06 1.5688377845873e-07 0.0000000000000e+00
1.6922313397439e-06 7.7621891678210e-08 0.0000000000000e+00
1.7895369345496e-06 -1.2389488974905e-08 0.0000000000000e+00
1.8768207332195e-06 -1.1214902777140e-07 0.0000000000000e+00
1.9531117435265e-06 -2.2054694519151e-07 0.0000000000000e+00
2.0175612630153e-06 -3.3637736371757e-07 0.0000000000000e+00
2.0694523204266e-06 -4.5835172267286e-07 0.0000000000000e+00
2.1082076516733e-06 -5.8511311287248e-07 0.0000000000000e+00
2.1333961216370e-06 -7.1525137161999e-07 0.0000000000000e+00
2.1447375203466e-06 -8.4731877012476e-07 0.0000000000000e+00
2.1421056801834e-06 -9.7984611882467e-07 0.0000000000000e+00
2.1255298794355e-06 -1.1113591114497e-06 0.0000000000000e+00
2.0951945165871e-06 -1.2403947260065e-06 0.0000000000000e+00
2.0514370589664e-06 -1.3655175002299e-06 0.0000000000000e+00
1.9947442885732e-06 -1.4853355004446e-06 0.0000000000000e+00
1.9257468868478e-06 -1.5985158061919e-06 0.0000000000000e+00
1.8452124186258e-06 -1.7037993383593e-06 0.0000000000000e+00
1.7540367933263e-06 -1.8000148658601e-06 0.0000000000000e+00
1.6532342983668e-06 -1.8860920350429e-06 0.0000000000000e+00
1.5439263156760e-06 -1.9610732768852e-06 0.0000000000000e+00
1.4273288468298e-06 -2.0241244595098e-06 0.0000000000000e+00
1.3047389855868e-06 -2.0745441675185e-06 0.0000000000000e+00
1.1775204883109e-06 -2.1117715049161e-06 0.0000000000000e+00
1.0470886028033e-06 -2.1353923348194e-06 0.0000000000000e+00
9.1489432431500e-07 -2.1451438865380e-06 0.0000000000000e+00
7.8240825388692e-07 -2.1409176787760e-06 0.0000000000000e+00
6.5110423858385e-07 -2.1227607264332e-06 0.0000000000000e+00
5.2244297561870e-07 -2.0908750175832e-06 0.0000000000000e+00
3.9785576276294e-07 -2.0456152664455e-06 0.0000000000000e+00
2.7872857581279e-07 -1.9874849673484e-06 0.0000000000000e+00
1.6638665024201e-07 -1.9171307935817e-06 0.0000000000000e+00
6.2079738563339e-08 -1.8353354034490e-06 0.0000000000000e+00
-3.3031792596349e-08 -1.7430087335484e-06 0.0000000000000e+00
-1.1788987104336e-07 -1.6411778761411e-06 0.0000000000000e+00
-1.9155048958540e-07 -1.5309756532161e-06 0.0000000000000e+00
-2.5319420767858e-07 -1.4136280143613e-06 0.0000000000000e+00
-3.0213526732692e-07 -1.2904403986314e-06 0.0000000000000e+00
-3.3782922182461e-07 -1.1627832121333e-06 0.0000000000000e+00
-3.5987899247428e-07 -1.0320765828823e-06 0.0000000000000e+00
-3.6803928590350e-07 -8.9977456252527e-07 0.0000000000000e+00
-3.6221932283865e-07 -7.6734895067884e-07 0.0000000000000e+00
-3.4248384797995e-07 -6.3627292183053e-07 0.0000000000000e+00
-3.0905240974326e-07 -5.0800463694479e-07 0.0000000000000e+00
-2.6229691788116e-07 -3.8397102208816e-07 0.0000000000000e+00
-2.0273750615386e-07 -2.6555189452876e-07 0.0000000000000e+00
-1.3103674607564e-07 -1.5406461289987e-07 0.0000000000000e+00
-4.7992276106483e-08 -5.0749422187650e-08 0.0000000000000e+00
4.5472071714264e-08 4.3244343426699e-08 0.0000000000000e+00
1.4831654898009e-07 1.2687104638338e-07 0.0000000000000e+00
2.5939705764596e-07 1.9920037798255e-07 0.0000000000000e+00
3.7747787759880e-07 2.5942770764176e-07 0.0000000000000e+00
5.0124541348148e-07 3.0688303404151e-07 0.0000000000000e+00
6.2932280784305e-07 3.4103843858150e-07 0.0000000000000e+00
7.6028525805063e-07 3.6151395823138e-07 0.0000000000000e+00
8.9267586656921e-07 3.6808181244321e-07 0.0000000000000e+00
1.0250218482824e-06 3.6066893710311e-07 0.0000000000000e+00
1.1558509145548e-06 3.3935779733329e-07 0.0000000000000e+00
1.2837076517711e-06 3.0438547010218e-07 0.0000000000000e+00
1.4071697121479e-06 2.5614100684841e-07 0.0000000000000e+00
1.5248636367028e-06 1.9516110545828e-07 0.0000000000000e+00
1.6354801343579e-06 1.2212413974386e-07 0.0000000000000e+00
1.7377886472040e-06 3.7842612841307e-08 0.0000000000000e+00
1.8306510398944e-06 -5.6745881518218e-08 0.0000000000000e+00
1.9130342608789e-06 -1.6058908931325e-07 0.0000000000000e+00
1.9840218346292e-06 -2.7253180207988e-07 0.0000000000000e+00
2.0428240570083e-06 -3.9132870808060e-07 0.0000000000000e+00
2.0887867803664e-06 -5.1565824583066e-07 0.0000000000000e+00
2.1213986906319e-06 -6.4413730586781e-07 0.0000000000000e+00
2.1402969954447e-06 -7.7533661721494e-07 0.0000000000000e+00
2.1452714600528e-06 -9.0779664736815e-07 0.0000000000000e+00
2.1362667460744e-06 -1.0400438389302e-06 0.0000000000000e+00
2.1133830271101e-06 -1.1706070022644e-06 0.0000000000000e+00
2.0768748743537e-06 -1.2980336818073e-06 0.0000000000000e+00
2.0271484246009e-06 -1.4209063139739e-06 0.0000000000000e+00
1.9647568621605e-06 -1.5378579969049e-06 0.0000000000000e+00
1.8903942649279e-06 -1.6475876966244e-06 0.0000000000000e+00
1.8048878830832e-06 -1.7488747204482e-06 0.0000000000000e+00
1.7091889363077e-06 -1.8405922966314e-06 0.0000000000000e+00
1.6043620318971e-06 -1.9217201091871e-06 0.0000000000000e+00
1.4915733214886e-06 -1.9913556484350e-06 0.0000000000000e+00
1.3720775281546e-06 -2.0487242510066e-06 0.0000000000000e+00
1.2472039881798e-06 -2.0931877176196e-06 0.0000000000000e+00
1.1183418627997e-06 -2.1242514127506e-06 0.0000000000000e+00
9.8692468441561e-07 -2.1415697672271e-06 0.0000000000000e+00
8.5441440919950e-07 -2.1449501225240e-06 0.0000000000000e+00
7.2228515349878e-07 -2.1343548739983e-06 0.0000000000000e+00
5.9200679496443e-07 -2.1099018892214e-06 0.0000000000000e+00
4.6502862083313e-07 -2.0718631967523e-06 0.0000000000000e+00
3.4276320526877e-07 -2.0206619599419e-06 0.0000000000000e+00
2.2657069512027e-07 -1.9568677694306e-06 0.0000000000000e+00
1.1774367890979e-07 -1.8811903067096e-06 0.0000000000000e+00
1.7492807376723e-08 -1.7944714492357e-06 0.0000000000000e+00
-7.3066674457615e-08 -1.6976759049261e-06 0.0000000000000e+00
-1.5292733387995e-07 -1.5918804802212e-06 0.0000000000000e+00
-2.2120075771208e-07 -1.4782621011020e-06 0.0000000000000e+00
-2.7712743549967e-07 -1.3580847203242e-06 0.0000000000000e+00
-3.2008520871690e-07 -1.2326852565184e-06 0.0000000000000e+00
-3.4959619199346e-07 -1.1034587215801e-06 0.0000000000000e+00
-3.6533208936838e-07 -9.7184270179726e-07 0.0000000000000e+00
-3.6711784642992e-07 -8.3930136535856e-07 0.0000000000000e+00
-3.5493359771299e-07 -7.0730917415010e-07 0.0000000000000e+00
-3.2891488769047e-07 -5.7733448103974e-07 0.0000000000000e+00
-2.8935116289983e-07 -4.5082319512175e-07 0.0000000000000e+00
-2.3668255197956e-07 -3.2918269663861e-07 0.0000000000000e+00
-1.7149496943609e-07 -2.1376618051895e-07 0.0000000000000e+00
-9.4513597609557e-08 -1.0585760270268e-07 0.0000000000000e+00
-6.5948193486233e-09 -6.6573967185540e-09 0.0000000000000e+00
9.1283308860325e-08 8.2730880589299e-08 0.0000000000000e+00
1.9803193732748e-07 1.6131282562566e-07 0.0000000000000e+00
3.1246353611752e-07 2.2821425032826e-07 0.0000000000000e+00
4.3330510577996e-07 2.8269090710858e-07 0.0000000000000e+00
5.5921233888864e-07 3.2413676826416e-07 0.0000000000000e+00
6.8878457484953e-07 3.5209076775741e-07 0.0000000000000e+00
8.2058038161162e-07 3.6624193036214e-07 0.0000000000000e+00
9.5313359094132e-07 3.6643283111808e-07 0.0000000000000e+00
1.0849696088752e-06 3.5266134660874e-07 0.0000000000000e+00
1.2146218199052e-06 3.2508067858057e-07 0.0000000000000e+00
1.3406479024060e-06 2.8399764964037e-07 0.0000000000000e+00
1.4616458738048e-06 2.2986928999099e-07 0.0000000000000e+00
1.5762696869965e-06 1.6329775317602e-07 0.0000000000000e+00
1.6832442045024e-06 8.5023617393701e-08 0.0000000000000e+00
1.7813793837910e-06 -4.0823531001395e-09 0.0000000000000e+00
1.8695835159564e-06 -1.0302889484945e-07 0.0000000000000e+00
1.9468753704801e-06 -2.1071527255374e-07 0.0000000000000e+00
2.0123951109698e-06 -3.2594352424797e-07 0.0000000000000e+00
2.0654138604449e-06 -4.4743178808444e-07 0.0000000000000e+00
2.1053418097577e-06 -5.7382856246235e-07 0.0000000000000e+00
2.1317347789483e-06 -7.0372774086754e-07 0.0000000000000e+00
2.1442991585407e-06 -8.3568425416664e-07 0.0000000000000e+00
2.1428951758120e-06 -9.6823014634237e-07 0.0000000000000e+00
2.1275384496965e-06 -1.0998909048346e-06 0.0000000000000e+00
2.0983998170298e-06 -1.2292018638195e-06 0.0000000000000e+00
2.0558034320637e-06 -1.3547244979485e-06 0.0000000000000e+00
2.0002231603951e-06 -1.4750624252851e-06 0.0000000000000e+00
1.9322773074249e-06 -1.5888769414161e-06 0.0000000000000e+00
1.8527217399898e-06 -1.6949019119260e-06 0.0000000000000e+00
1.7624414776861e-06 -1.7919578575630e-06 0.0000000000000e+00
1.6624408474281e-06 -1.8789650754054e-06 0.0000000000000e+00
1.5538323107676e-06 -1.9549556500624e-06 0.0000000000000e+00
1.4378240882644e-06 -2.0190842212882e-06 0.0000000000000e+00
1.3157067185829e-06 -2.0706373882272e-06 0.0000000000000e+00
1.1888387018362e-06 -2.1090416456696e-06 0.0000000000000e+00
1.0586313868919e-06 -2.1338697640332e-06 0.0000000000000e+00
9.2653327075838e-07 -2.1448455420942e-06 0.0000000000000e+00
7.9401388471674e-07 -2.1418468795967e-06 0.0000000000000e+00
6.6254744645526e-07 -2.1249071355600e-06 0.0000000000000e+00
5.3359646007057e-07 -2.0942147571710e-06 0.0000000000000e+00
4.0859544637739e-07 -2.0501111833929e-06 0.0000000000000e+00
2.8893498451974e-07 -1.9930870466095e-06 0.0000000000000e+00
1.7594624241361e-07 -1.9237767145606e-06 0.0000000000000e+00
7.0886168112598e-08 -1.8429512332885e-06 0.0000000000000e+00
-2.5076493163978e-08 -1.7515097495992e-06 0.0000000000000e+00
-1.1087420078650e-07 -1.6504695084630e-06 0.0000000000000e+00
-1.8555249461533e-07 -1.5409545366257e-06 0.0000000000000e+00
-2.4828061293200e-07 -1.4241831383224e-06 0.0000000000000e+00
-2.9836073428180e-07 -1.3014543421968e-06 0.0000000000000e+00
-3.3523574041633e-07 -1.1741334501996e-06 0.0000000000000e+00
-3.5849541397709e-07 -1.0436368492254e-06 0.0000000000000e+00
-3.6788100197346e-07 -9.1141625445483e-07 0.0000000000000e+00
-3.6328809428878e-07 -7.7894255968454e-07 0.0000000000000e+00
-3.4476778519222e-07 -6.4768947430510e-07 0.0000000000000e+00
-3.1252610493543e-07 -5.1911712895650e-07 0.0000000000000e+00
-2.6692172775703e-07 -3.9465583224160e-07 0.0000000000000e+00
-2.0846198179255e-07 -2.7569015919632e-07 0.0000000000000e+00
-1.3779720527759e-07 -1.6354354852527e-07 0.0000000000000e+00
-5.5713511829112e-08 -5.9463579951419e-08 0.0000000000000e+00
3.6875954712359e-08 3.5391904537396e-08 0.0000000000000e+00
1.3894117859355e-07 1.1996768115038e-07 0.0000000000000e+00
2.4934673060579e-07 1.9332288317480e-07 0.0000000000000e+00
3.6686439921869e-07 2.5464146768653e-07 0.0000000000000e+00
4.9018685387460e-07 3.0324129365269e-07 0.0000000000000e+00
6.1794218844579e-07 3.3858171043671e-07 0.0000000000000e+00
7.4870918306517e-07 3.6026957228714e-07 0.0000000000000e+00
8.8103311454952e-07 3.6806361190192e-07 0.0000000000000e+00
1.0134419395315e-06 3.6187712441401e-07 0.0000000000000e+00
1.1444626702707e-06 3.4177893194056e-07 0.0000000000000e+00
1.2726377609695e-06 3.0799261796522e-07 0.0000000000000e+00
1.3965413223049e-06 2.6089404007105e-07 0.0000000000000e+00
1.5147949837956e-06 2.0100714869353e-07 0.0000000000000e+00
1.6260832275434e-06 1.2899815840828e-07 0.0000000000000e+00
1.7291680227685e-06 4.5668136595262e-08 0.0000000000000e+00
1.8229025983347e-06 -4.8055908072687e-08 0.0000000000000e+00
1.9062442000540e-06 -1.5113133818067e-07 0.0000000000000e+00
1.9782656908480e-06 -2.6241148643924e-07 0.0000000000000e+00
2.0381658647231e-06 -3.8065841183660e-07 0.0000000000000e+00
2.0852783598191e-06 -5.0455667116900e-07 0.0000000000000e+00
2.1190790713776e-06 -6.3272795274747e-07 0.0000000000000e+00
2.1391919821662e-06 -7.6374640948739e-07 0.0000000000000e+00
2.1453933454949e-06 -8.9615452080737e-07 0.0000000000000e+00
2.1376141742939e-06 -1.0284793068811e-06 0.0000000000000e+00
2.1159410085596e-06 -1.1592487148657e-06 0.0000000000000e+00
2.0806149526339e-06 -1.2870079948178e-06 0.0000000000000e+00
2.0320289930256e-06 -1.4103358831224e-06 0.0000000000000e+00
1.9707236266119e-06 -1.5278604134008e-06 0.0000000000000e+00
1.8973808478542e-06 -1.6382741790097e-06 0.0000000000000e+00
1.8128165619189e-06 -1.7403488773422e-06 0.0000000000000e+00
1.7179715081019e-06 -1.8329489741317e-06 0.0000000000000e+00
1.6139007945310e-06 -1.9150443357509e-06 0.0000000000000e+00
1.5017621605675e-06 -1.9857216889760e-06 0.0000000000000e+00
1.3828030974822e-06 -2.0441947807322e-06 0.0000000000000e+00
1.2583469706826e-06 -2.0898131247979e-06 0.0000000000000e+00
1.1297782978759e-06 -2.1220692381642e-06 0.0000000000000e+00
9.9852734693942e-07 -2.1406042865496e-06 0.0000000000000e+00
8.6605422484335e-07 -2.1452120762637e-06 0.0000000000000e+00
7.3383263462601e-07 -2.1358413480161e-06 0.0000000000000e+00
6.0333348112019e-07 -2.1125963471487e-06 0.0000000000000e+00
4.7600850780833e-07 -2.0757356639516e-06 0.0000000000000e+00
3.5327414683929e-07 -2.0256693569607e-06 0.0000000000000e+00
2.3649576186793e-07 -1.9629543912409e-06 0.0000000000000e+00
1.2697245900861e-07 -1.8882884424014e-06 0.0000000000000e+00
2.5922634873983e-08 -1.8025021352700e-06 0.0000000000000e+00
-6.5529577529665e-08 -1.7065498035686e-06 0.0000000000000e+00
-1.4636681426718e-07 -1.6014988733840e-06 0.0000000000000e+00
-2.1568979818188e-07 -1.4885179885373e-06 0.0000000000000e+00
-2.7272734294119e-07 -1.3688640099534e-06 0.0000000000000e+00
-3.1684493213013e-07 -1.2438680336547e-06 0.0000000000000e+00
-3.4755177795417e-07 -1.1149205829245e-06 0.0000000000000e+00
-3.6450628102668e-07 -9.8345613936885e-07 0.0000000000000e+00
-3.6751983050332e-07 -8.5093718496251e-07 0.0000000000000e+00
-3.5655890228866e-07 -7.1883793260415e-07 0.0000000000000e+00
-3.3174543197346e-07 -5.8862792617051e-07 0.0000000000000e+00
-2.9335545835394e-07 -4.6175569251166e-07 0.0000000000000e+00
-2.4181605262318e-07 -3.3963262725133e-07 0.0000000000000e+00
-1.7770056739616e-07 -2.2361729365560e-07 0.0000000000000e+00
-1.0172225842084e-07 -1.1500030923770e-07 0.0000000000000e+00
-1.4726349930828e-08 -1.4989988228559e-08 0.0000000000000e+00
8.2319368090893e-08 7.5301100365868e-08 0.0000000000000e+00
1.8833530613616e-07 1.5486850958513e-07 0.0000000000000e+00
3.0214208511424e-07 2.2282708852614e-07 0.0000000000000e+00
4.2247365640780e-07 2.7842082924068e-07 0.0000000000000e+00
5.4799138608753e-07 3.2103127697624e-07 0.0000000000000e+00
6.7729894660495e-07 3.5018441020025e-07 0.0000000000000e+00
8.0895785030016e-07 3.6555591387042e-07 0.0000000000000e+00
9.4150345192124e-07 3.6697478728875e-07 0.0000000000000e+00
1.0734612421346e-06 3.5442524640329e-07 0.0000000000000e+00
1.2033632507686e-06 3.2804689939552e-07 0.0000000000000e+00
1.3297643773112e-06 2.8813319360010e-07 0.0000000000000e+00
1.4512584669935e-06 2.3512815103425e-07 0.0000000000000e+00
1.5664939536186e-06 1.6962142885264e-07 0.0000000000000e+00
1.6741888951177e-06 9.2341759677879e-08 0.0000000000000e+00
1.7731452345693e-06 4.1488447800681e-09 0.0000000000000e+00
1.8622621280336e-06 -9.3976209709917e-08 0.0000000000000e+00
1.9405481909373e-06 -2.0094180716062e-07 0.0000000000000e+00
2.0071325267723e-06 -3.1555800395640e-07 0.0000000000000e+00
2.0612744154195e-06 -4.3654974707883e-07 0.0000000000000e+00
2.1023715533193e-06 -5.6257105849121e-07 0.0000000000000e+00
2.1299667538215e-06 -6.9222000853115e-07 0.0000000000000e+00
2.1437530331750e-06 -8.2405431173925e-07 0.0000000000000e+00
2.1435770255794e-06 -9.5660737162725e-07 0.0000000000000e+00
2.1294406893062e-06 -1.0884045958950e-06 0.0000000000000e+00
2.1015012849109e-06 -1.2179798005968e-06 0.0000000000000e+00
2.0600696257788e-06 -1.3438915207685e-06 0.0000000000000e+00
2.0056066204642e-06 -1.4647390460667e-06 0.0000000000000e+00
1.9387181452907e-06 -1.5791780030313e-06 0.0000000000000e+00
1.8601483042507e-06 -1.6859353106251e-06 0.0000000000000e+00
1.7707711511857e-06 -1.7838233426786e-06 0.0000000000000e+00
1.6715809663336e-06 -1.8717531396866e-06 0.0000000000000e+00
1.5636811954127e-06 -1.9487465229844e-06 0.0000000000000e+00
1.4482721742895e-06 -2.0139469765364e-06 0.0000000000000e+00
1.3266377757886e-06 -2.0666291752840e-06 0.0000000000000e+00
1.2001311271915e-06 -2.1062070540528e-06 0.0000000000000e+00
1.0701595573121e-06 -2.1322403272582e-06 0.0000000000000e+00
9.3816894060530e-07 -2.1444393868782e-06 0.0000000000000e+00
8.0562761247244e-07 -2.1426685242078e-06 0.0000000000000e+00
6.7401003470004e-07 -2.1269474395533e-06 0.0000000000000e+00
5.4478039274531e-07 -2.0974510230726e-06 0.0000000000000e+00
4.1937630734139e-07 -2.0545074091991e-06 0.0000000000000e+00
2.9919284162351e-07 -1.9985943262925e-06 0.0000000000000e+00
1.8556698168916e-07 -1.9303337821266e-06 0.0000000000000e+00
7.9762763239145e-08 -1.8504851443336e-06 0.0000000000000e+00
-1.7042790241177e-08 -1.7599366927834e-06 0.0000000000000e+00
-1.0377276132928e-07 -1.6596957378727e-06 0.0000000000000e+00
-1.7946231887829e-07 -1.5508774146549e-06 0.0000000000000e+00
-2.4326945132095e-07 -1.4346922774690e-06 0.0000000000000e+00
-2.9448433366161e-07 -1.3124328330736e-06 0.0000000000000e+00
-3.3253722395277e-07 -1.1854591620977e-06 0.0000000000000e+00
-3.5700480141149e-07 -1.0551837887631e-06 0.0000000000000e+00
-3.6761487566710e-07 -9.2305596719619e-07 0.0000000000000e+00
-3.6424941475188e-07 -7.9054555913658e-07 0.0000000000000e+00
-3.4694585814994e-07 -6.5912668239589e-07 0.0000000000000e+00
-3.1589670029700e-07 -5.3026131196981e-07 0.0000000000000e+00
-2.7144734916477e-07 -4.0538301623386e-07 0.0000000000000e+00
-2.1409228375193e-07 -2.8588100915011e-07 0.0000000000000e+00
-1.4446955322815e-07 -1.7308469589681e-07 0.0000000000000e+00
-6.3353678925596e-08 -6.8248883843782e-08 0.0000000000000e+00
2.8352961860019e-08 2.7460176605428e-08 0.0000000000000e+00
1.2963017440735e-07 1.1297776601521e-07 0.0000000000000e+00
2.3935129577232e-07 1.8735254043367e-07 0.0000000000000e+00
3.5629572840109e-07 2.4975711465771e-07 0.0000000000000e+00
4.7916251872253e-07 2.9949726651333e-07 0.0000000000000e+00
6.0658482966440e-07 3.3601965975790e-07 0.0000000000000e+00
7.3714514609313e-07 3.5891799969059e-07 0.0000000000000e+00
8.6939104402362e-07 3.6793755299265e-07 0.0000000000000e+00
1.0018513481737e-06 3.6297798151639e-07 0.0000000000000e+00
1.1330524981183e-06 3.4409445849831e-07 0.0000000000000e+00
1.2615349409759e-06 3.1149705477908e-07 0.0000000000000e+00
1.3858693682688e-06 2.6554840185833e-07 0.0000000000000e+00
1.5046726163260e-06 2.0675965778184e-07 0.0000000000000e+00
1.6166230533475e-06 1.3578482073875e-07 0.0000000000000e+00
1.7204752819533e-06 5.3413453627503e-08 0.0000000000000e+00
1.8150739936593e-06 -3.9438099473609e-08 0.0000000000000e+00
1.8993668211554e-06 -1.4173690721846e-07 0.0000000000000e+00
1.9724160454090e-06 -2.5234494188507e-07 0.0000000000000e+00
2.0334090273594e-06 -3.7003173941655e-07 0.0000000000000e+00
2.0816672481542e-06 -4.9348808777384e-07 0.0000000000000e+00
2.1166538573585e-06 -6.2134059132360e-07 0.0000000000000e+00
2.1379796451691e-06 -7.5216694923889e-07 0.0000000000000e+00
2.1454073721924e-06 -8.8451177794767e-07 0.0000000000000e+00
2.1388544086218e-06 -1.0169028016113e-06 0.0000000000000e+00
2.1183936534537e-06 -1.1478672305214e-06 0.0000000000000e+00
2.0842527235160e-06 -1.2759481452136e-06 0.0000000000000e+00
2.0368114213325e-06 -1.3997207040305e-06 0.0000000000000e+00
1.9765975099896e-06 -1.5178079938347e-06 0.0000000000000e+00
1.9042808420106e-06 -1.6288963475379e-06 0.0000000000000e+00
1.8206659075488e-06 -1.7317499580463e-06 0.0000000000000e+00
1.7266828848000e-06 -1.8252246260489e-06 0.0000000000000e+00
1.6233772921913e-06 -1.9082804887110e-06 0.0000000000000e+00
1.5118983574645e-06 -1.9799935876715e-06 0.0000000000000e+00
1.3934862330395e-06 -2.0395661476556e-06 0.0000000000000e+00
1.2694581998832e-06 -2.0863354513584e-06 0.0000000000000e+00
1.1411940133584e-06 -2.1197812118695e-06 0.0000000000000e+00
1.0101205540741e-06 -2.1395313606248e-06 0.0000000000000e+00
8.7769595448923e-07 -2.1453661864969e-06 0.0000000000000e+00
7.4539337785381e-07 -2.1372207799778e-06 0.0000000000000e+00
6.1468462994005e-07 -2.1151857552645e-06 0.0000000000000e+00
4.8702378587496e-07 -2.0795062422149e-06 0.0000000000000e+00
3.6383101421863e-07 -2.0305791593869e-06 0.0000000000000e+00
2.4647677823793e-07 -1.9689487984973e-06 0.0000000000000e+00
1.3626659012909e-07 -1.8953007694227e-06 0.0000000000000e+00
3.4426487791756e-08 -1.8104543730994e-06 0.0000000000000e+00
-5.7910604281529e-08 -1.7153534871722e-06 0.0000000000000e+00
-1.3971747827138e-07 -1.6110560657838e-06 0.0000000000000e+00
-2.1008407024767e-07 -1.4987223703159e-06 0.0000000000000e+00
